indice 	 numero de palavras neste indice 
0 	 2
1 	 10
2 	 46
3 	 22
4 	 36
5 	 39
6 	 1
7 	 29
8 	 4
9 	 18
10 	 2
11 	 8
12 	 74
13 	 3
14 	 63
15 	 6
16 	 1
17 	 9
18 	 47
19 	 34
20 	 43
21 	 24
22 	 1
23 	 25
24 	 4
25 	 22
26 	 1
27 	 7
28 	 80
29 	 3
30 	 75
31 	 6
32 	 1
33 	 9
34 	 62
35 	 47
36 	 30
37 	 37
38 	 4
39 	 32
40 	 3
41 	 11
42 	 0
43 	 8
44 	 75
45 	 2
46 	 69
47 	 5
48 	 2
49 	 7
50 	 66
51 	 25
52 	 42
53 	 24
54 	 3
55 	 26
56 	 5
57 	 30
58 	 3
59 	 9
60 	 72
61 	 4
62 	 67
63 	 7
64 	 2
65 	 7
66 	 42
67 	 39
68 	 44
69 	 27
70 	 1
71 	 23
72 	 4
73 	 17
74 	 1
75 	 10
76 	 80
77 	 2
78 	 66
79 	 7
80 	 1
81 	 3
82 	 63
83 	 29
84 	 40
85 	 33
86 	 1
87 	 21
88 	 7
89 	 11
90 	 0
91 	 5
92 	 70
93 	 4
94 	 69
95 	 8
96 	 3
97 	 6
98 	 47
99 	 42
100 	 47
101 	 31
102 	 2
103 	 24
104 	 8
105 	 17
106 	 2
107 	 5
108 	 71
109 	 4
110 	 57
111 	 5
112 	 1
113 	 6
114 	 61
115 	 38
116 	 46
117 	 22
118 	 1
119 	 25
120 	 3
121 	 16
122 	 1
123 	 5
124 	 72
125 	 5
126 	 64
127 	 6
128 	 2
129 	 13
130 	 63
131 	 32
132 	 43
133 	 23
134 	 0
135 	 28
136 	 4
137 	 18
138 	 0
139 	 9
140 	 68
141 	 2
142 	 52
143 	 3
144 	 1
145 	 2
146 	 57
147 	 41
148 	 46
149 	 27
150 	 2
151 	 28
152 	 2
153 	 19
154 	 3
155 	 5
156 	 49
157 	 3
158 	 49
159 	 10
160 	 1
161 	 3
162 	 53
163 	 38
164 	 49
165 	 16
166 	 1
167 	 26
168 	 2
169 	 10
170 	 2
171 	 8
172 	 75
173 	 2
174 	 67
175 	 3
176 	 2
177 	 6
178 	 42
179 	 37
180 	 44
181 	 32
182 	 2
183 	 23
184 	 4
185 	 20
186 	 2
187 	 8
188 	 76
189 	 2
190 	 62
191 	 3
192 	 1
193 	 11
194 	 57
195 	 35
196 	 42
197 	 26
198 	 0
199 	 30
200 	 3
201 	 20
202 	 0
203 	 6
204 	 69
205 	 1
206 	 56
207 	 5
208 	 1
209 	 12
210 	 41
211 	 35
212 	 29
213 	 37
214 	 0
215 	 18
216 	 4
217 	 11
218 	 0
219 	 9
220 	 75
221 	 3
222 	 66
223 	 4
224 	 0
225 	 6
226 	 57
227 	 26
228 	 44
229 	 25
230 	 1
231 	 27
232 	 4
233 	 9
234 	 2
235 	 12
236 	 78
237 	 0
238 	 68
239 	 10
240 	 4
241 	 5
242 	 47
243 	 25
244 	 40
245 	 31
246 	 0
247 	 31
248 	 5
249 	 21
250 	 2
251 	 9
252 	 74
253 	 0
254 	 86
255 	 6
256 	 2
257 	 6
258 	 46
259 	 32
260 	 38
261 	 24
262 	 4
263 	 22
264 	 7
265 	 19
266 	 1
267 	 7
268 	 86
269 	 1
270 	 79
271 	 4
272 	 2
273 	 4
274 	 63
275 	 39
276 	 51
277 	 18
278 	 0
279 	 17
280 	 1
281 	 14
282 	 2
283 	 10
284 	 68
285 	 3
286 	 65
287 	 9
288 	 1
289 	 13
290 	 65
291 	 39
292 	 39
293 	 24
294 	 3
295 	 31
296 	 4
297 	 15
298 	 1
299 	 8
300 	 73
301 	 2
302 	 68
303 	 3
304 	 1
305 	 8
306 	 53
307 	 36
308 	 40
309 	 28
310 	 1
311 	 29
312 	 4
313 	 18
314 	 3
315 	 8
316 	 78
317 	 3
318 	 74
319 	 8
320 	 3
321 	 8
322 	 55
323 	 37
324 	 45
325 	 27
326 	 1
327 	 33
328 	 4
329 	 28
330 	 0
331 	 7
332 	 56
333 	 1
334 	 54
335 	 4
336 	 2
337 	 9
338 	 66
339 	 33
340 	 43
341 	 22
342 	 0
343 	 24
344 	 3
345 	 20
346 	 3
347 	 7
348 	 71
349 	 4
350 	 69
351 	 6
352 	 2
353 	 4
354 	 70
355 	 38
356 	 41
357 	 20
358 	 1
359 	 27
360 	 0
361 	 16
362 	 3
363 	 10
364 	 67
365 	 1
366 	 67
367 	 12
368 	 3
369 	 5
370 	 66
371 	 37
372 	 47
373 	 24
374 	 3
375 	 22
376 	 6
377 	 18
378 	 2
379 	 4
380 	 54
381 	 4
382 	 60
383 	 3
384 	 4
385 	 4
386 	 60
387 	 31
388 	 36
389 	 27
390 	 1
391 	 19
392 	 5
393 	 14
394 	 1
395 	 3
396 	 82
397 	 3
398 	 71
399 	 4
400 	 1
401 	 3
402 	 54
403 	 26
404 	 41
405 	 25
406 	 1
407 	 23
408 	 6
409 	 14
410 	 1
411 	 7
412 	 64
413 	 2
414 	 72
415 	 2
416 	 1
417 	 6
418 	 59
419 	 28
420 	 44
421 	 16
422 	 0
423 	 18
424 	 6
425 	 22
426 	 0
427 	 14
428 	 79
429 	 2
430 	 67
431 	 2
432 	 0
433 	 9
434 	 50
435 	 32
436 	 36
437 	 22
438 	 0
439 	 32
440 	 3
441 	 21
442 	 1
443 	 13
444 	 67
445 	 1
446 	 67
447 	 9
448 	 5
449 	 7
450 	 50
451 	 27
452 	 47
453 	 27
454 	 1
455 	 29
456 	 7
457 	 14
458 	 1
459 	 5
460 	 72
461 	 2
462 	 64
463 	 3
464 	 1
465 	 4
466 	 59
467 	 45
468 	 34
469 	 29
470 	 2
471 	 22
472 	 8
473 	 19
474 	 7
475 	 11
476 	 80
477 	 2
478 	 70
479 	 6
480 	 1
481 	 6
482 	 50
483 	 31
484 	 58
485 	 14
486 	 0
487 	 21
488 	 4
489 	 17
490 	 1
491 	 14
492 	 60
493 	 3
494 	 59
495 	 7
496 	 1
497 	 10
498 	 43
499 	 28
500 	 34
501 	 27
502 	 1
503 	 24
504 	 5
505 	 5
506 	 1
507 	 7
508 	 82
509 	 6
510 	 69
511 	 4
512 	 1
513 	 7
514 	 57
515 	 33
516 	 49
517 	 27
518 	 2
519 	 21
520 	 3
521 	 10
522 	 2
523 	 9
524 	 71
525 	 3
526 	 64
527 	 10
528 	 2
529 	 6
530 	 52
531 	 35
532 	 42
533 	 25
534 	 1
535 	 29
536 	 7
537 	 17
538 	 0
539 	 6
540 	 77
541 	 1
542 	 72
543 	 5
544 	 4
545 	 6
546 	 42
547 	 28
548 	 41
549 	 26
550 	 2
551 	 23
552 	 3
553 	 19
554 	 2
555 	 7
556 	 72
557 	 1
558 	 69
559 	 7
560 	 3
561 	 4
562 	 52
563 	 31
564 	 44
565 	 26
566 	 0
567 	 18
568 	 2
569 	 18
570 	 0
571 	 10
572 	 73
573 	 2
574 	 66
575 	 4
576 	 2
577 	 9
578 	 59
579 	 35
580 	 29
581 	 25
582 	 1
583 	 22
584 	 4
585 	 17
586 	 2
587 	 13
588 	 63
589 	 4
590 	 63
591 	 6
592 	 3
593 	 11
594 	 56
595 	 28
596 	 49
597 	 25
598 	 1
599 	 26
600 	 3
601 	 20
602 	 0
603 	 9
604 	 75
605 	 3
606 	 74
607 	 5
608 	 2
609 	 8
610 	 48
611 	 44
612 	 38
613 	 31
614 	 1
615 	 22
616 	 5
617 	 18
618 	 3
619 	 9
620 	 71
621 	 3
622 	 72
623 	 6
624 	 3
625 	 5
626 	 59
627 	 31
628 	 37
629 	 25
630 	 0
631 	 15
632 	 2
633 	 18
634 	 1
635 	 13
636 	 89
637 	 3
638 	 70
639 	 8
640 	 2
641 	 6
642 	 54
643 	 29
644 	 48
645 	 25
646 	 0
647 	 28
648 	 5
649 	 14
650 	 2
651 	 4
652 	 73
653 	 3
654 	 60
655 	 8
656 	 1
657 	 5
658 	 69
659 	 34
660 	 48
661 	 17
662 	 1
663 	 32
664 	 4
665 	 20
666 	 1
667 	 3
668 	 70
669 	 3
670 	 69
671 	 9
672 	 3
673 	 7
674 	 50
675 	 38
676 	 42
677 	 24
678 	 0
679 	 14
680 	 9
681 	 14
682 	 0
683 	 3
684 	 72
685 	 1
686 	 66
687 	 6
688 	 0
689 	 5
690 	 44
691 	 35
692 	 44
693 	 24
694 	 2
695 	 26
696 	 2
697 	 8
698 	 1
699 	 9
700 	 69
701 	 3
702 	 73
703 	 10
704 	 4
705 	 4
706 	 68
707 	 28
708 	 35
709 	 29
710 	 1
711 	 30
712 	 4
713 	 16
714 	 2
715 	 2
716 	 60
717 	 5
718 	 65
719 	 3
720 	 1
721 	 4
722 	 79
723 	 40
724 	 57
725 	 29
726 	 3
727 	 34
728 	 4
729 	 21
730 	 1
731 	 7
732 	 83
733 	 1
734 	 66
735 	 10
736 	 1
737 	 3
738 	 53
739 	 35
740 	 38
741 	 16
742 	 1
743 	 25
744 	 5
745 	 12
746 	 1
747 	 7
748 	 77
749 	 4
750 	 65
751 	 17
752 	 1
753 	 8
754 	 64
755 	 33
756 	 49
757 	 30
758 	 1
759 	 29
760 	 2
761 	 16
762 	 0
763 	 4
764 	 81
765 	 2
766 	 73
767 	 6
768 	 0
769 	 9
770 	 47
771 	 33
772 	 43
773 	 19
774 	 1
775 	 30
776 	 6
777 	 13
778 	 5
779 	 19
780 	 66
781 	 2
782 	 62
783 	 6
784 	 2
785 	 10
786 	 50
787 	 35
788 	 45
789 	 23
790 	 2
791 	 22
792 	 4
793 	 20
794 	 1
795 	 6
796 	 82
797 	 2
798 	 70
799 	 11
800 	 0
801 	 3
802 	 74
803 	 37
804 	 48
805 	 27
806 	 0
807 	 31
808 	 0
809 	 12
810 	 2
811 	 6
812 	 59
813 	 5
814 	 69
815 	 9
816 	 1
817 	 6
818 	 64
819 	 31
820 	 51
821 	 33
822 	 0
823 	 30
824 	 2
825 	 18
826 	 0
827 	 8
828 	 81
829 	 2
830 	 62
831 	 1
832 	 2
833 	 7
834 	 59
835 	 38
836 	 49
837 	 25
838 	 1
839 	 24
840 	 9
841 	 17
842 	 1
843 	 11
844 	 79
845 	 4
846 	 83
847 	 5
848 	 3
849 	 6
850 	 66
851 	 42
852 	 45
853 	 17
854 	 2
855 	 33
856 	 1
857 	 20
858 	 6
859 	 9
860 	 76
861 	 2
862 	 62
863 	 12
864 	 1
865 	 11
866 	 58
867 	 37
868 	 49
869 	 24
870 	 1
871 	 17
872 	 3
873 	 20
874 	 0
875 	 13
876 	 78
877 	 4
878 	 68
879 	 3
880 	 3
881 	 10
882 	 48
883 	 37
884 	 42
885 	 31
886 	 1
887 	 25
888 	 4
889 	 17
890 	 2
891 	 14
892 	 69
893 	 8
894 	 62
895 	 11
896 	 2
897 	 6
898 	 53
899 	 31
900 	 29
901 	 29
902 	 0
903 	 25
904 	 5
905 	 15
906 	 1
907 	 11
908 	 65
909 	 2
910 	 70
911 	 8
912 	 0
913 	 2
914 	 59
915 	 36
916 	 40
917 	 29
918 	 1
919 	 25
920 	 8
921 	 13
922 	 1
923 	 6
924 	 66
925 	 2
926 	 56
927 	 10
928 	 2
929 	 6
930 	 45
931 	 25
932 	 44
933 	 22
934 	 2
935 	 26
936 	 2
937 	 21
938 	 1
939 	 6
940 	 73
941 	 4
942 	 72
943 	 10
944 	 2
945 	 9
946 	 64
947 	 38
948 	 42
949 	 21
950 	 3
951 	 35
952 	 1
953 	 24
954 	 1
955 	 7
956 	 71
957 	 1
958 	 61
959 	 8
960 	 0
961 	 1
962 	 46
963 	 36
964 	 50
965 	 19
966 	 1
967 	 26
968 	 2
969 	 18
970 	 1
971 	 8
972 	 78
973 	 4
974 	 74
975 	 3
976 	 0
977 	 1
978 	 63
979 	 36
980 	 44
981 	 32
982 	 1
983 	 26
984 	 2
985 	 16
986 	 1
987 	 6
988 	 55
989 	 4
990 	 57
991 	 6
992 	 2
993 	 11
994 	 50
995 	 28
996 	 38
997 	 24
998 	 0
999 	 19
1000 	 8
1001 	 13
1002 	 1
1003 	 7
1004 	 72
1005 	 3
1006 	 63
1007 	 2
1008 	 2
1009 	 5
1010 	 60
1011 	 34
1012 	 50
1013 	 24
1014 	 2
1015 	 31
1016 	 3
1017 	 21
1018 	 1
1019 	 10
1020 	 73
1021 	 4
1022 	 63
1023 	 1
1024 	 1
1025 	 3
1026 	 45
1027 	 34
1028 	 50
1029 	 26
1030 	 1
1031 	 17
1032 	 4
1033 	 15
1034 	 2
1035 	 5
1036 	 65
1037 	 4
1038 	 52
1039 	 9
1040 	 1
1041 	 10
1042 	 51
1043 	 25
1044 	 29
1045 	 26
1046 	 3
1047 	 29
1048 	 2
1049 	 19
1050 	 3
1051 	 3
1052 	 68
1053 	 1
1054 	 69
1055 	 9
1056 	 1
1057 	 3
1058 	 55
1059 	 23
1060 	 53
1061 	 19
1062 	 0
1063 	 20
1064 	 6
1065 	 18
1066 	 2
1067 	 10
1068 	 68
1069 	 4
1070 	 64
1071 	 4
1072 	 3
1073 	 6
1074 	 55
1075 	 41
1076 	 39
1077 	 18
1078 	 0
1079 	 27
1080 	 0
1081 	 25
1082 	 1
1083 	 8
1084 	 66
1085 	 5
1086 	 64
1087 	 9
1088 	 4
1089 	 4
1090 	 53
1091 	 42
1092 	 39
1093 	 22
1094 	 0
1095 	 22
1096 	 5
1097 	 16
1098 	 2
1099 	 8
1100 	 58
1101 	 1
1102 	 57
1103 	 7
1104 	 5
1105 	 8
1106 	 46
1107 	 31
1108 	 39
1109 	 30
1110 	 2
1111 	 26
1112 	 6
1113 	 12
1114 	 2
1115 	 8
1116 	 81
1117 	 1
1118 	 73
1119 	 5
1120 	 3
1121 	 8
1122 	 54
1123 	 37
1124 	 54
1125 	 18
1126 	 3
1127 	 28
1128 	 4
1129 	 12
1130 	 1
1131 	 3
1132 	 61
1133 	 3
1134 	 56
1135 	 3
1136 	 5
1137 	 7
1138 	 47
1139 	 35
1140 	 39
1141 	 23
1142 	 0
1143 	 17
1144 	 2
1145 	 14
1146 	 1
1147 	 9
1148 	 75
1149 	 5
1150 	 66
1151 	 5
1152 	 2
1153 	 10
1154 	 63
1155 	 34
1156 	 41
1157 	 29
1158 	 0
1159 	 28
1160 	 5
1161 	 19
1162 	 2
1163 	 8
1164 	 64
1165 	 3
1166 	 65
1167 	 12
1168 	 2
1169 	 8
1170 	 66
1171 	 34
1172 	 46
1173 	 25
1174 	 2
1175 	 36
1176 	 1
1177 	 11
1178 	 1
1179 	 9
1180 	 52
1181 	 2
1182 	 58
1183 	 7
1184 	 1
1185 	 7
1186 	 69
1187 	 25
1188 	 31
1189 	 29
1190 	 1
1191 	 27
1192 	 3
1193 	 20
1194 	 0
1195 	 7
1196 	 75
1197 	 2
1198 	 72
1199 	 8
1200 	 1
1201 	 5
1202 	 65
1203 	 34
1204 	 50
1205 	 20
1206 	 3
1207 	 18
1208 	 6
1209 	 14
1210 	 2
1211 	 7
1212 	 80
1213 	 2
1214 	 72
1215 	 10
1216 	 3
1217 	 10
1218 	 55
1219 	 39
1220 	 44
1221 	 23
1222 	 1
1223 	 24
1224 	 3
1225 	 25
1226 	 0
1227 	 3
1228 	 83
1229 	 4
1230 	 76
1231 	 6
1232 	 4
1233 	 5
1234 	 57
1235 	 28
1236 	 44
1237 	 28
1238 	 0
1239 	 29
1240 	 4
1241 	 18
1242 	 0
1243 	 3
1244 	 67
1245 	 3
1246 	 52
1247 	 4
1248 	 1
1249 	 7
1250 	 45
1251 	 27
1252 	 42
1253 	 32
1254 	 0
1255 	 21
1256 	 7
1257 	 11
1258 	 1
1259 	 9
1260 	 66
1261 	 1
1262 	 51
1263 	 8
1264 	 0
1265 	 7
1266 	 50
1267 	 31
1268 	 42
1269 	 24
1270 	 0
1271 	 27
1272 	 3
1273 	 18
1274 	 1
1275 	 7
1276 	 68
1277 	 2
1278 	 62
1279 	 2
1280 	 3
1281 	 6
1282 	 62
1283 	 31
1284 	 47
1285 	 19
1286 	 0
1287 	 18
1288 	 3
1289 	 13
1290 	 0
1291 	 6
1292 	 53
1293 	 3
1294 	 68
1295 	 5
1296 	 2
1297 	 5
1298 	 62
1299 	 37
1300 	 39
1301 	 28
1302 	 2
1303 	 24
1304 	 4
1305 	 21
1306 	 1
1307 	 5
1308 	 59
1309 	 2
1310 	 68
1311 	 3
1312 	 0
1313 	 6
1314 	 50
1315 	 22
1316 	 43
1317 	 22
1318 	 0
1319 	 20
1320 	 2
1321 	 20
1322 	 2
1323 	 11
1324 	 74
1325 	 2
1326 	 66
1327 	 6
1328 	 1
1329 	 5
1330 	 65
1331 	 33
1332 	 39
1333 	 17
1334 	 1
1335 	 26
1336 	 5
1337 	 18
1338 	 2
1339 	 5
1340 	 74
1341 	 3
1342 	 68
1343 	 4
1344 	 1
1345 	 7
1346 	 59
1347 	 41
1348 	 46
1349 	 25
1350 	 1
1351 	 19
1352 	 4
1353 	 19
1354 	 1
1355 	 8
1356 	 72
1357 	 4
1358 	 72
1359 	 8
1360 	 2
1361 	 4
1362 	 53
1363 	 31
1364 	 43
1365 	 16
1366 	 1
1367 	 22
1368 	 2
1369 	 16
1370 	 0
1371 	 11
1372 	 69
1373 	 6
1374 	 64
1375 	 6
1376 	 2
1377 	 6
1378 	 45
1379 	 39
1380 	 44
1381 	 19
1382 	 1
1383 	 22
1384 	 5
1385 	 14
1386 	 1
1387 	 12
1388 	 73
1389 	 2
1390 	 77
1391 	 6
1392 	 2
1393 	 5
1394 	 48
1395 	 30
1396 	 45
1397 	 29
1398 	 1
1399 	 28
1400 	 4
1401 	 20
1402 	 2
1403 	 10
1404 	 75
1405 	 3
1406 	 78
1407 	 1
1408 	 0
1409 	 7
1410 	 57
1411 	 37
1412 	 49
1413 	 22
1414 	 0
1415 	 27
1416 	 5
1417 	 19
1418 	 1
1419 	 8
1420 	 51
1421 	 2
1422 	 65
1423 	 7
1424 	 2
1425 	 12
1426 	 40
1427 	 35
1428 	 31
1429 	 18
1430 	 0
1431 	 20
1432 	 4
1433 	 20
1434 	 1
1435 	 11
1436 	 74
1437 	 3
1438 	 67
1439 	 7
1440 	 2
1441 	 5
1442 	 49
1443 	 34
1444 	 40
1445 	 30
1446 	 1
1447 	 17
1448 	 5
1449 	 16
1450 	 4
1451 	 14
1452 	 56
1453 	 2
1454 	 62
1455 	 9
1456 	 0
1457 	 6
1458 	 42
1459 	 34
1460 	 41
1461 	 21
1462 	 0
1463 	 24
1464 	 3
1465 	 15
1466 	 0
1467 	 6
1468 	 82
1469 	 4
1470 	 77
1471 	 4
1472 	 2
1473 	 10
1474 	 43
1475 	 30
1476 	 46
1477 	 22
1478 	 0
1479 	 27
1480 	 1
1481 	 21
1482 	 2
1483 	 6
1484 	 65
1485 	 3
1486 	 61
1487 	 7
1488 	 2
1489 	 12
1490 	 51
1491 	 29
1492 	 53
1493 	 20
1494 	 3
1495 	 29
1496 	 5
1497 	 8
1498 	 0
1499 	 9
1500 	 71
1501 	 1
1502 	 82
1503 	 10
1504 	 1
1505 	 6
1506 	 47
1507 	 43
1508 	 32
1509 	 31
1510 	 1
1511 	 29
1512 	 5
1513 	 12
1514 	 2
1515 	 8
1516 	 84
1517 	 1
1518 	 72
1519 	 8
1520 	 2
1521 	 6
1522 	 55
1523 	 40
1524 	 50
1525 	 25
1526 	 1
1527 	 22
1528 	 3
1529 	 16
1530 	 2
1531 	 7
1532 	 73
1533 	 3
1534 	 58
1535 	 4
1536 	 1
1537 	 5
1538 	 70
1539 	 36
1540 	 40
1541 	 22
1542 	 2
1543 	 23
1544 	 6
1545 	 14
1546 	 0
1547 	 8
1548 	 71
1549 	 2
1550 	 53
1551 	 10
1552 	 0
1553 	 6
1554 	 57
1555 	 34
1556 	 30
1557 	 22
1558 	 2
1559 	 30
1560 	 4
1561 	 19
1562 	 1
1563 	 4
1564 	 61
1565 	 6
1566 	 57
1567 	 6
1568 	 0
1569 	 4
1570 	 51
1571 	 30
1572 	 47
1573 	 26
1574 	 2
1575 	 21
1576 	 6
1577 	 16
1578 	 1
1579 	 14
1580 	 58
1581 	 6
1582 	 45
1583 	 7
1584 	 1
1585 	 5
1586 	 57
1587 	 36
1588 	 48
1589 	 24
1590 	 1
1591 	 29
1592 	 8
1593 	 16
1594 	 2
1595 	 6
1596 	 71
1597 	 2
1598 	 64
1599 	 6
1600 	 0
1601 	 5
1602 	 64
1603 	 26
1604 	 52
1605 	 26
1606 	 0
1607 	 28
1608 	 3
1609 	 13
1610 	 1
1611 	 6
1612 	 80
1613 	 2
1614 	 67
1615 	 8
1616 	 5
1617 	 2
1618 	 66
1619 	 28
1620 	 53
1621 	 22
1622 	 1
1623 	 21
1624 	 4
1625 	 16
1626 	 2
1627 	 8
1628 	 51
1629 	 2
1630 	 62
1631 	 8
1632 	 3
1633 	 8
1634 	 54
1635 	 27
1636 	 36
1637 	 23
1638 	 2
1639 	 18
1640 	 8
1641 	 12
1642 	 3
1643 	 7
1644 	 84
1645 	 3
1646 	 69
1647 	 5
1648 	 1
1649 	 4
1650 	 56
1651 	 33
1652 	 45
1653 	 26
1654 	 1
1655 	 31
1656 	 8
1657 	 12
1658 	 1
1659 	 11
1660 	 73
1661 	 4
1662 	 53
1663 	 4
1664 	 1
1665 	 11
1666 	 46
1667 	 43
1668 	 35
1669 	 33
1670 	 1
1671 	 27
1672 	 3
1673 	 15
1674 	 1
1675 	 2
1676 	 84
1677 	 3
1678 	 69
1679 	 1
1680 	 1
1681 	 6
1682 	 62
1683 	 30
1684 	 44
1685 	 26
1686 	 0
1687 	 27
1688 	 8
1689 	 15
1690 	 0
1691 	 4
1692 	 58
1693 	 1
1694 	 47
1695 	 6
1696 	 4
1697 	 8
1698 	 59
1699 	 29
1700 	 41
1701 	 34
1702 	 1
1703 	 29
1704 	 6
1705 	 15
1706 	 2
1707 	 7
1708 	 68
1709 	 3
1710 	 60
1711 	 6
1712 	 2
1713 	 7
1714 	 55
1715 	 38
1716 	 40
1717 	 32
1718 	 0
1719 	 25
1720 	 5
1721 	 20
1722 	 0
1723 	 8
1724 	 67
1725 	 5
1726 	 66
1727 	 9
1728 	 2
1729 	 10
1730 	 36
1731 	 36
1732 	 46
1733 	 20
1734 	 1
1735 	 10
1736 	 8
1737 	 16
1738 	 1
1739 	 10
1740 	 68
1741 	 0
1742 	 61
1743 	 8
1744 	 4
1745 	 7
1746 	 65
1747 	 37
1748 	 42
1749 	 23
1750 	 0
1751 	 19
1752 	 2
1753 	 11
1754 	 3
1755 	 11
1756 	 76
1757 	 2
1758 	 90
1759 	 4
1760 	 3
1761 	 4
1762 	 56
1763 	 32
1764 	 45
1765 	 22
1766 	 2
1767 	 29
1768 	 5
1769 	 13
1770 	 1
1771 	 10
1772 	 79
1773 	 5
1774 	 77
1775 	 9
1776 	 0
1777 	 8
1778 	 42
1779 	 32
1780 	 46
1781 	 23
1782 	 1
1783 	 20
1784 	 7
1785 	 11
1786 	 1
1787 	 6
1788 	 64
1789 	 2
1790 	 48
1791 	 5
1792 	 3
1793 	 9
1794 	 57
1795 	 44
1796 	 52
1797 	 28
1798 	 1
1799 	 26
1800 	 3
1801 	 14
1802 	 0
1803 	 7
1804 	 86
1805 	 7
1806 	 77
1807 	 8
1808 	 3
1809 	 7
1810 	 71
1811 	 36
1812 	 37
1813 	 33
1814 	 0
1815 	 30
1816 	 3
1817 	 19
1818 	 1
1819 	 13
1820 	 73
1821 	 4
1822 	 68
1823 	 10
1824 	 3
1825 	 13
1826 	 59
1827 	 45
1828 	 36
1829 	 26
1830 	 0
1831 	 20
1832 	 7
1833 	 24
1834 	 2
1835 	 10
1836 	 79
1837 	 4
1838 	 79
1839 	 8
1840 	 3
1841 	 7
1842 	 46
1843 	 35
1844 	 26
1845 	 24
1846 	 2
1847 	 32
1848 	 3
1849 	 13
1850 	 2
1851 	 7
1852 	 63
1853 	 4
1854 	 62
1855 	 10
1856 	 1
1857 	 7
1858 	 50
1859 	 29
1860 	 40
1861 	 19
1862 	 1
1863 	 23
1864 	 7
1865 	 21
1866 	 2
1867 	 6
1868 	 66
1869 	 2
1870 	 68
1871 	 4
1872 	 3
1873 	 3
1874 	 57
1875 	 32
1876 	 46
1877 	 21
1878 	 1
1879 	 24
1880 	 5
1881 	 15
1882 	 0
1883 	 8
1884 	 74
1885 	 3
1886 	 73
1887 	 5
1888 	 1
1889 	 4
1890 	 58
1891 	 33
1892 	 47
1893 	 18
1894 	 0
1895 	 23
1896 	 2
1897 	 15
1898 	 0
1899 	 10
1900 	 69
1901 	 1
1902 	 70
1903 	 7
1904 	 1
1905 	 5
1906 	 51
1907 	 34
1908 	 32
1909 	 16
1910 	 1
1911 	 25
1912 	 5
1913 	 13
1914 	 0
1915 	 11
1916 	 64
1917 	 3
1918 	 60
1919 	 8
1920 	 1
1921 	 7
1922 	 57
1923 	 41
1924 	 56
1925 	 29
1926 	 1
1927 	 25
1928 	 4
1929 	 14
1930 	 1
1931 	 5
1932 	 69
1933 	 2
1934 	 74
1935 	 10
1936 	 1
1937 	 11
1938 	 57
1939 	 34
1940 	 39
1941 	 18
1942 	 1
1943 	 28
1944 	 4
1945 	 26
1946 	 1
1947 	 6
1948 	 78
1949 	 1
1950 	 61
1951 	 8
1952 	 2
1953 	 5
1954 	 54
1955 	 23
1956 	 46
1957 	 19
1958 	 1
1959 	 19
1960 	 4
1961 	 16
1962 	 2
1963 	 6
1964 	 90
1965 	 2
1966 	 84
1967 	 7
1968 	 1
1969 	 6
1970 	 63
1971 	 26
1972 	 39
1973 	 20
1974 	 2
1975 	 24
1976 	 5
1977 	 9
1978 	 1
1979 	 12
1980 	 57
1981 	 2
1982 	 60
1983 	 6
1984 	 1
1985 	 8
1986 	 51
1987 	 29
1988 	 50
1989 	 33
1990 	 0
1991 	 26
1992 	 5
1993 	 12
1994 	 1
1995 	 4
1996 	 72
1997 	 3
1998 	 74
1999 	 2
